{
 "cells": [
  {
   "cell_type": "markdown",
   "metadata": {},
   "source": [
    "# PCA de importações de Santos"
   ]
  },
  {
   "cell_type": "markdown",
   "metadata": {},
   "source": [
    "## Setup"
   ]
  },
  {
   "cell_type": "markdown",
   "metadata": {},
   "source": [
    "### Importações"
   ]
  },
  {
   "cell_type": "code",
   "execution_count": 2,
   "metadata": {},
   "outputs": [],
   "source": [
    "import pandas as pd\n",
    "import numpy as np\n",
    "import matplotlib.pyplot as plt\n",
    "from sklearn.decomposition import PCA\n",
    "from sklearn.preprocessing import StandardScaler\n",
    "import glob"
   ]
  },
  {
   "cell_type": "code",
   "execution_count": 3,
   "metadata": {},
   "outputs": [],
   "source": [
    "dict_dtypes = pd.read_pickle(\"datasets/aux_carga_dtypes.pkl\").to_dict()"
   ]
  },
  {
   "cell_type": "code",
   "execution_count": 4,
   "metadata": {},
   "outputs": [],
   "source": [
    "df = pd.read_csv(\"datasets/df_rus_ua_psantos.csv\", decimal=\",\", dtype=dict_dtypes)"
   ]
  },
  {
   "cell_type": "markdown",
   "metadata": {},
   "source": [
    "### Limpeza"
   ]
  },
  {
   "cell_type": "code",
   "execution_count": 5,
   "metadata": {},
   "outputs": [
    {
     "data": {
      "text/plain": [
       "Index(['IDCarga', 'IDAtracacao', 'Origem', 'Destino', 'CDMercadoria',\n",
       "       'Tipo Operação da Carga', 'Carga Geral Acondicionamento',\n",
       "       'ConteinerEstado', 'Tipo Navegação', 'FlagAutorizacao', 'FlagCabotagem',\n",
       "       'FlagCabotagemMovimentacao', 'FlagConteinerTamanho', 'FlagLongoCurso',\n",
       "       'FlagMCOperacaoCarga', 'FlagOffshore', 'FlagTransporteViaInterioir',\n",
       "       'Percurso Transporte em vias Interiores',\n",
       "       'Percurso Transporte Interiores', 'STNaturezaCarga', 'STSH2', 'STSH4',\n",
       "       'Natureza da Carga', 'Sentido', 'TEU', 'QTCarga', 'VLPesoCargaBruta',\n",
       "       'Ano'],\n",
       "      dtype='object')"
      ]
     },
     "execution_count": 5,
     "metadata": {},
     "output_type": "execute_result"
    }
   ],
   "source": [
    "df.columns"
   ]
  },
  {
   "cell_type": "markdown",
   "metadata": {},
   "source": [
    "### Junção de Carga com Carga Conteinerizada"
   ]
  },
  {
   "cell_type": "code",
   "execution_count": null,
   "metadata": {},
   "outputs": [],
   "source": [
    "def criar_mestre() -> pd.DataFrame:\n",
    "    global df\n",
    "    df_mestre = df.copy()\n",
    "    for ano in range(df[\"Ano\"].min(), df[\"Ano\"].max() + 1):\n",
    "        print(\"Ano atual: \", ano)\n",
    "        df_cont = pd.read_csv(f\"datasets/{ano}Carga_Conteinerizada.csv\", sep=\";\", decimal=\",\", dtype=dict_dtypes)\n",
    "\n",
    "        df_mestre = df_mestre.merge(df_cont,\"left\", \"IDCarga\")\n",
    "\n",
    "        # Combinação\n",
    "        df_mestre[\"VLPesoCargaBruta\"] = df_mestre[\"VLPesoCargaConteinerizada\"].combine_first(df_mestre[\"VLPesoCargaBruta\"])\n",
    "        df_mestre.drop(\"VLPesoCargaConteinerizada\", axis=1, inplace=True)\n",
    "        df_mestre[\"CDMercadoria\"] = df_mestre[\"CDMercadoriaConteinerizada\"].combine_first(df_mestre[\"CDMercadoria\"])\n",
    "        df_mestre.drop(\"CDMercadoriaConteinerizada\", axis=1, inplace=True)\n",
    "    del df_cont\n",
    "    del df\n",
    "    return df_mestre"
   ]
  },
  {
   "cell_type": "code",
   "execution_count": null,
   "metadata": {},
   "outputs": [
    {
     "name": "stdout",
     "output_type": "stream",
     "text": [
      "local_df_mestre.csv carregado!\n"
     ]
    }
   ],
   "source": [
    "arq = \"datasets/df_mestre.csv\"\n",
    "if glob.glob(arq):\n",
    "    df_mestre = pd.read_csv(arq, dtype=dict_dtypes)\n",
    "    print(f\"{arq} carregado!\")\n",
    "else:\n",
    "    df_mestre = criar_mestre()\n",
    "    df_mestre.to_csv(arq, index=False)\n",
    "    print(f\"{arq} criado!\")\n"
   ]
  },
  {
   "cell_type": "code",
   "execution_count": 8,
   "metadata": {},
   "outputs": [],
   "source": [
    "df_mestre.drop([\"IDAtracacao\",\n",
    "         \"Destino\",\n",
    "         \"Sentido\",\n",
    "         \"Carga Geral Acondicionamento\",\n",
    "         \"ConteinerEstado\",\n",
    "         \"FlagConteinerTamanho\"], axis=1, inplace=True)"
   ]
  },
  {
   "cell_type": "markdown",
   "metadata": {},
   "source": [
    "Variáveis auxiliares"
   ]
  },
  {
   "cell_type": "code",
   "execution_count": 9,
   "metadata": {},
   "outputs": [],
   "source": [
    "ano_min = df_mestre[\"Ano\"].min()\n",
    "ano_max = df_mestre[\"Ano\"].max()"
   ]
  },
  {
   "cell_type": "markdown",
   "metadata": {},
   "source": [
    "## Junção de Carga com Mercadoria"
   ]
  },
  {
   "cell_type": "markdown",
   "metadata": {},
   "source": [
    "Alternativa seria pegar apenas os dois primeiros digitos de `CDMercadoria`"
   ]
  },
  {
   "cell_type": "code",
   "execution_count": null,
   "metadata": {},
   "outputs": [],
   "source": [
    "df_merc = pd.read_csv(\"datasets/Mercadoria.csv\", sep=\";\")"
   ]
  },
  {
   "cell_type": "code",
   "execution_count": 11,
   "metadata": {},
   "outputs": [],
   "source": [
    "df_mestre = df_mestre.merge(df_merc.loc[:, [\"CDMercadoria\", \"CDNCMSH2\"]], on=\"CDMercadoria\")"
   ]
  },
  {
   "cell_type": "code",
   "execution_count": 12,
   "metadata": {},
   "outputs": [],
   "source": [
    "df_mestre.drop(\"CDMercadoria\", axis=1, inplace=True)"
   ]
  },
  {
   "cell_type": "markdown",
   "metadata": {},
   "source": [
    "### Categorização"
   ]
  },
  {
   "cell_type": "code",
   "execution_count": 13,
   "metadata": {},
   "outputs": [],
   "source": [
    "df_cat = df_mestre.copy()"
   ]
  },
  {
   "cell_type": "code",
   "execution_count": 14,
   "metadata": {},
   "outputs": [],
   "source": [
    "for col in df_cat:\n",
    "    if df_cat[col].dtype == \"category\":\n",
    "        df_cat[col] = df_cat[col].cat.codes\n",
    "    if df_cat[col].dtype == \"object\":\n",
    "        df_cat[col] = df_cat[col].astype(\"category\").cat.codes"
   ]
  },
  {
   "cell_type": "code",
   "execution_count": 15,
   "metadata": {},
   "outputs": [
    {
     "name": "stdout",
     "output_type": "stream",
     "text": [
      "<class 'pandas.core.frame.DataFrame'>\n",
      "RangeIndex: 10786 entries, 0 to 10785\n",
      "Data columns (total 22 columns):\n",
      " #   Column                                  Non-Null Count  Dtype  \n",
      "---  ------                                  --------------  -----  \n",
      " 0   IDCarga                                 10786 non-null  int64  \n",
      " 1   Origem                                  10786 non-null  int8   \n",
      " 2   Tipo Operação da Carga                  10786 non-null  int8   \n",
      " 3   Tipo Navegação                          10786 non-null  int8   \n",
      " 4   FlagAutorizacao                         10786 non-null  int8   \n",
      " 5   FlagCabotagem                           10786 non-null  boolean\n",
      " 6   FlagCabotagemMovimentacao               10786 non-null  boolean\n",
      " 7   FlagLongoCurso                          10786 non-null  boolean\n",
      " 8   FlagMCOperacaoCarga                     10786 non-null  boolean\n",
      " 9   FlagOffshore                            10786 non-null  boolean\n",
      " 10  FlagTransporteViaInterioir              10786 non-null  boolean\n",
      " 11  Percurso Transporte em vias Interiores  10786 non-null  int8   \n",
      " 12  Percurso Transporte Interiores          10786 non-null  int8   \n",
      " 13  STNaturezaCarga                         10786 non-null  int8   \n",
      " 14  STSH2                                   10786 non-null  int8   \n",
      " 15  STSH4                                   10786 non-null  int8   \n",
      " 16  Natureza da Carga                       10786 non-null  int8   \n",
      " 17  TEU                                     10786 non-null  float64\n",
      " 18  QTCarga                                 10786 non-null  UInt16 \n",
      " 19  VLPesoCargaBruta                        10786 non-null  float64\n",
      " 20  Ano                                     10786 non-null  UInt16 \n",
      " 21  CDNCMSH2                                10786 non-null  int8   \n",
      "dtypes: UInt16(2), boolean(6), float64(2), int64(1), int8(11)\n",
      "memory usage: 558.4 KB\n"
     ]
    }
   ],
   "source": [
    "df_cat.info()"
   ]
  },
  {
   "cell_type": "code",
   "execution_count": 16,
   "metadata": {},
   "outputs": [],
   "source": [
    "df_cat.drop(\"IDCarga\",axis=1, inplace=True)"
   ]
  },
  {
   "cell_type": "code",
   "execution_count": 17,
   "metadata": {},
   "outputs": [],
   "source": [
    "df_cat = df_cat.fillna(0)"
   ]
  },
  {
   "cell_type": "markdown",
   "metadata": {},
   "source": [
    "### Normalização dos dados"
   ]
  },
  {
   "cell_type": "code",
   "execution_count": 18,
   "metadata": {},
   "outputs": [],
   "source": [
    "normalizador = StandardScaler()"
   ]
  },
  {
   "cell_type": "code",
   "execution_count": 19,
   "metadata": {},
   "outputs": [],
   "source": [
    "arr_cat_norm = normalizador.fit_transform(df_cat)"
   ]
  },
  {
   "cell_type": "markdown",
   "metadata": {},
   "source": [
    "## Exploração de df_mestre"
   ]
  },
  {
   "cell_type": "markdown",
   "metadata": {},
   "source": [
    "### Tamanho da amostra"
   ]
  },
  {
   "cell_type": "code",
   "execution_count": 20,
   "metadata": {},
   "outputs": [
    {
     "data": {
      "text/plain": [
       "(10786, 22)"
      ]
     },
     "execution_count": 20,
     "metadata": {},
     "output_type": "execute_result"
    }
   ],
   "source": [
    "df_mestre.shape"
   ]
  },
  {
   "cell_type": "markdown",
   "metadata": {},
   "source": [
    "10782 entradas distribuídas ao longo de 22 variáveis"
   ]
  },
  {
   "cell_type": "code",
   "execution_count": 21,
   "metadata": {},
   "outputs": [
    {
     "data": {
      "text/plain": [
       "Origem\n",
       "False    10324\n",
       "True       462\n",
       "Name: count, dtype: int64"
      ]
     },
     "execution_count": 21,
     "metadata": {},
     "output_type": "execute_result"
    }
   ],
   "source": [
    "df_mestre[\"Origem\"].str.contains(\"UA...\").value_counts()"
   ]
  },
  {
   "cell_type": "markdown",
   "metadata": {},
   "source": [
    "10324 entradas russas e 462 entradas ucranianas"
   ]
  },
  {
   "cell_type": "code",
   "execution_count": 22,
   "metadata": {},
   "outputs": [
    {
     "data": {
      "text/plain": [
       "'95.72% de entradas russas'"
      ]
     },
     "execution_count": 22,
     "metadata": {},
     "output_type": "execute_result"
    }
   ],
   "source": [
    "f\"{10324 * 100/ 10786:.2f}% de entradas russas\""
   ]
  },
  {
   "cell_type": "code",
   "execution_count": 23,
   "metadata": {},
   "outputs": [
    {
     "data": {
      "text/plain": [
       "'4.28% de entradas ucranianas'"
      ]
     },
     "execution_count": 23,
     "metadata": {},
     "output_type": "execute_result"
    }
   ],
   "source": [
    "f\"{462 * 100/ 10786:.2f}% de entradas ucranianas\""
   ]
  },
  {
   "cell_type": "code",
   "execution_count": 24,
   "metadata": {},
   "outputs": [
    {
     "data": {
      "text/plain": [
       "Index(['Carga Conteinerizada', 'Carga Geral', 'Granel Líquido e Gasoso',\n",
       "       'Granel Sólido'],\n",
       "      dtype='object')"
      ]
     },
     "execution_count": 24,
     "metadata": {},
     "output_type": "execute_result"
    }
   ],
   "source": [
    "df_mestre[\"Natureza da Carga\"].cat.categories"
   ]
  },
  {
   "cell_type": "markdown",
   "metadata": {},
   "source": [
    "Ano de 2018 e 2023"
   ]
  },
  {
   "cell_type": "code",
   "execution_count": 25,
   "metadata": {},
   "outputs": [
    {
     "data": {
      "text/plain": [
       "(1228, 22)"
      ]
     },
     "execution_count": 25,
     "metadata": {},
     "output_type": "execute_result"
    }
   ],
   "source": [
    "df_mestre[df_mestre[\"Ano\"] == 2018].shape"
   ]
  },
  {
   "cell_type": "code",
   "execution_count": 26,
   "metadata": {},
   "outputs": [
    {
     "data": {
      "text/plain": [
       "(2164, 22)"
      ]
     },
     "execution_count": 26,
     "metadata": {},
     "output_type": "execute_result"
    }
   ],
   "source": [
    "df_mestre[df_mestre[\"Ano\"] == 2023].shape"
   ]
  },
  {
   "cell_type": "markdown",
   "metadata": {},
   "source": [
    "## PCA"
   ]
  },
  {
   "cell_type": "markdown",
   "metadata": {},
   "source": [
    "### Estimador e projeção"
   ]
  },
  {
   "cell_type": "code",
   "execution_count": 27,
   "metadata": {},
   "outputs": [],
   "source": [
    "pca = PCA()"
   ]
  },
  {
   "cell_type": "code",
   "execution_count": 28,
   "metadata": {},
   "outputs": [],
   "source": [
    "df_proj = pca.fit_transform(arr_cat_norm)"
   ]
  },
  {
   "cell_type": "code",
   "execution_count": 29,
   "metadata": {},
   "outputs": [],
   "source": [
    "df_proj = pd.DataFrame(df_proj, columns=pca.get_feature_names_out())"
   ]
  },
  {
   "cell_type": "markdown",
   "metadata": {},
   "source": [
    "### Dataframe da matriz de covariânica"
   ]
  },
  {
   "cell_type": "code",
   "execution_count": 30,
   "metadata": {},
   "outputs": [
    {
     "data": {
      "text/html": [
       "<div>\n",
       "<style scoped>\n",
       "    .dataframe tbody tr th:only-of-type {\n",
       "        vertical-align: middle;\n",
       "    }\n",
       "\n",
       "    .dataframe tbody tr th {\n",
       "        vertical-align: top;\n",
       "    }\n",
       "\n",
       "    .dataframe thead th {\n",
       "        text-align: right;\n",
       "    }\n",
       "</style>\n",
       "<table border=\"1\" class=\"dataframe\">\n",
       "  <thead>\n",
       "    <tr style=\"text-align: right;\">\n",
       "      <th></th>\n",
       "      <th>STSH2</th>\n",
       "      <th>STSH4</th>\n",
       "    </tr>\n",
       "  </thead>\n",
       "  <tbody>\n",
       "    <tr>\n",
       "      <th>STSH2</th>\n",
       "      <td>1.000093</td>\n",
       "      <td>0.675441</td>\n",
       "    </tr>\n",
       "    <tr>\n",
       "      <th>STSH4</th>\n",
       "      <td>0.675441</td>\n",
       "      <td>1.000093</td>\n",
       "    </tr>\n",
       "  </tbody>\n",
       "</table>\n",
       "</div>"
      ],
      "text/plain": [
       "          STSH2     STSH4\n",
       "STSH2  1.000093  0.675441\n",
       "STSH4  0.675441  1.000093"
      ]
     },
     "execution_count": 30,
     "metadata": {},
     "output_type": "execute_result"
    }
   ],
   "source": [
    "df_cov_m = pd.DataFrame(pca.get_covariance(), df_cat.columns, df_cat.columns)\n",
    "df_cov_m[[\"STSH2\", \"STSH4\"]].loc[[\"STSH2\", \"STSH4\"]]"
   ]
  },
  {
   "cell_type": "markdown",
   "metadata": {},
   "source": [
    "Covariância entre colunas do PCA0"
   ]
  },
  {
   "cell_type": "code",
   "execution_count": 31,
   "metadata": {},
   "outputs": [
    {
     "data": {
      "text/html": [
       "<div>\n",
       "<style scoped>\n",
       "    .dataframe tbody tr th:only-of-type {\n",
       "        vertical-align: middle;\n",
       "    }\n",
       "\n",
       "    .dataframe tbody tr th {\n",
       "        vertical-align: top;\n",
       "    }\n",
       "\n",
       "    .dataframe thead th {\n",
       "        text-align: right;\n",
       "    }\n",
       "</style>\n",
       "<table border=\"1\" class=\"dataframe\">\n",
       "  <thead>\n",
       "    <tr style=\"text-align: right;\">\n",
       "      <th></th>\n",
       "      <th>STSH2</th>\n",
       "      <th>STNaturezaCarga</th>\n",
       "      <th>STSH4</th>\n",
       "    </tr>\n",
       "  </thead>\n",
       "  <tbody>\n",
       "    <tr>\n",
       "      <th>STSH2</th>\n",
       "      <td>1.000093</td>\n",
       "      <td>0.836816</td>\n",
       "      <td>0.675441</td>\n",
       "    </tr>\n",
       "    <tr>\n",
       "      <th>STNaturezaCarga</th>\n",
       "      <td>0.836816</td>\n",
       "      <td>1.000093</td>\n",
       "      <td>0.550732</td>\n",
       "    </tr>\n",
       "    <tr>\n",
       "      <th>STSH4</th>\n",
       "      <td>0.675441</td>\n",
       "      <td>0.550732</td>\n",
       "      <td>1.000093</td>\n",
       "    </tr>\n",
       "  </tbody>\n",
       "</table>\n",
       "</div>"
      ],
      "text/plain": [
       "                    STSH2  STNaturezaCarga     STSH4\n",
       "STSH2            1.000093         0.836816  0.675441\n",
       "STNaturezaCarga  0.836816         1.000093  0.550732\n",
       "STSH4            0.675441         0.550732  1.000093"
      ]
     },
     "execution_count": 31,
     "metadata": {},
     "output_type": "execute_result"
    }
   ],
   "source": [
    "df_cov_m[[\"STSH2\", \"STNaturezaCarga\", \"STSH4\"]].loc[[\"STSH2\", \"STNaturezaCarga\", \"STSH4\"]]"
   ]
  },
  {
   "cell_type": "code",
   "execution_count": 32,
   "metadata": {},
   "outputs": [
    {
     "data": {
      "text/html": [
       "<div>\n",
       "<style scoped>\n",
       "    .dataframe tbody tr th:only-of-type {\n",
       "        vertical-align: middle;\n",
       "    }\n",
       "\n",
       "    .dataframe tbody tr th {\n",
       "        vertical-align: top;\n",
       "    }\n",
       "\n",
       "    .dataframe thead th {\n",
       "        text-align: right;\n",
       "    }\n",
       "</style>\n",
       "<table border=\"1\" class=\"dataframe\">\n",
       "  <thead>\n",
       "    <tr style=\"text-align: right;\">\n",
       "      <th></th>\n",
       "      <th>Natureza da Carga</th>\n",
       "      <th>Ano</th>\n",
       "      <th>STSH4</th>\n",
       "    </tr>\n",
       "  </thead>\n",
       "  <tbody>\n",
       "    <tr>\n",
       "      <th>Natureza da Carga</th>\n",
       "      <td>1.000093</td>\n",
       "      <td>0.473830</td>\n",
       "      <td>-0.099589</td>\n",
       "    </tr>\n",
       "    <tr>\n",
       "      <th>Ano</th>\n",
       "      <td>0.473830</td>\n",
       "      <td>1.000093</td>\n",
       "      <td>-0.011886</td>\n",
       "    </tr>\n",
       "    <tr>\n",
       "      <th>STSH4</th>\n",
       "      <td>-0.099589</td>\n",
       "      <td>-0.011886</td>\n",
       "      <td>1.000093</td>\n",
       "    </tr>\n",
       "  </tbody>\n",
       "</table>\n",
       "</div>"
      ],
      "text/plain": [
       "                   Natureza da Carga       Ano     STSH4\n",
       "Natureza da Carga           1.000093  0.473830 -0.099589\n",
       "Ano                         0.473830  1.000093 -0.011886\n",
       "STSH4                      -0.099589 -0.011886  1.000093"
      ]
     },
     "execution_count": 32,
     "metadata": {},
     "output_type": "execute_result"
    }
   ],
   "source": [
    "df_cov_m[[\"Natureza da Carga\", \"Ano\", \"STSH4\"]].loc[[\"Natureza da Carga\", \"Ano\", \"STSH4\"]]"
   ]
  },
  {
   "cell_type": "markdown",
   "metadata": {},
   "source": [
    "Matriz de covariânica completa:"
   ]
  },
  {
   "cell_type": "code",
   "execution_count": 33,
   "metadata": {},
   "outputs": [
    {
     "name": "stdout",
     "output_type": "stream",
     "text": [
      "\\begin{bmatrix}1.0&-0.075&-2.2e-17&1e-17&5.6e-17&-1.4e-16&3.7e-18&2.5e-17&2.5e-17&-3.5e-17&5.1e-17&-2.9e-65&-0.01&-0.027&0.085&-0.19&-0.047&-0.0098&-0.14&-0.071&0.2\\\\\n",
      "-0.075&1.0&5e-17&2.3e-17&-8.4e-17&-2.3e-16&2.3e-18&-2.7e-17&-7.2e-17&-9.1e-20&4.9e-17&-4.6e-65&-0.0028&0.007&-0.018&0.1&0.027&0.0073&0.04&-0.00088&-0.079\\\\\n",
      "-2.2e-17&5e-17&6.7e-32&-1.8e-32&-6.1e-33&-2.3e-32&1.4e-33&-4.6e-33&6.7e-33&-3.5e-33&1.8e-33&1e-48&8.3e-17&1.2e-16&7.1e-18&8.9e-17&1.1e-16&5.8e-17&8.8e-18&-6.6e-18&-8.2e-17\\\\\n",
      "1e-17&2.3e-17&-1.8e-32&5.8e-32&-1.1e-32&-1.1e-32&-1.7e-33&-2.1e-33&-1.5e-33&-2.7e-33&-3.1e-33&-7.8e-49&-1.8e-16&-1.5e-16&-1.3e-16&-5.1e-17&2.4e-17&4.8e-17&-2.8e-17&1.9e-17&7.2e-17\\\\\n",
      "5.6e-17&-8.4e-17&-6.1e-33&-1.1e-32&3e-32&1.4e-32&-2.5e-33&-5.9e-33&1.1e-32&-1.6e-33&-2.2e-33&5.6e-49&1.6e-19&7.7e-18&7.4e-17&-5.6e-17&3.2e-17&-3.7e-17&-8.3e-17&4.4e-18&6e-18\\\\\n",
      "-1.4e-16&-2.3e-16&-2.3e-32&-1.1e-32&1.4e-32&1.1e-31&-1e-33&-2.8e-34&-4.8e-33&-1.4e-33&-2e-32&4.1e-50&1.1e-17&-6.2e-18&-1.2e-17&-3.9e-17&-1e-17&-1.7e-16&4e-17&-5.5e-17&-7.6e-18\\\\\n",
      "3.7e-18&2.3e-18&1.4e-33&-1.7e-33&-2.5e-33&-1e-33&5.2e-33&2.3e-33&-5.2e-33&4.3e-34&7.2e-34&8.6e-50&7.2e-20&1.2e-17&-1.2e-17&-1.2e-17&-5.5e-18&1.3e-18&2.2e-17&-5.6e-18&6.5e-18\\\\\n",
      "2.5e-17&-2.7e-17&-4.6e-33&-2.1e-33&-5.9e-33&-2.8e-34&2.3e-33&1.8e-32&1e-32&-2.4e-33&-1.9e-33&3e-49&7.8e-18&-6.4e-18&3.3e-18&-6.6e-19&-6.8e-18&4.4e-17&8.6e-17&-2e-17&3.6e-17\\\\\n",
      "2.5e-17&-7.2e-17&6.7e-33&-1.5e-33&1.1e-32&-4.8e-33&-5.2e-33&1e-32&5.8e-32&-2.8e-34&-5.1e-33&5.8e-50&-4.9e-17&-1.6e-17&7.3e-17&8e-17&2.8e-17&7.8e-17&2.3e-17&-1.1e-17&2.7e-17\\\\\n",
      "-3.5e-17&-9.1e-20&-3.5e-33&-2.7e-33&-1.6e-33&-1.4e-33&4.3e-34&-2.4e-33&-2.8e-34&1.1e-32&2.1e-33&-5.9e-50&9.9e-19&1.9e-18&2.9e-19&1.7e-18&-5.1e-17&3e-17&-4.2e-17&-2.1e-17&1.6e-18\\\\\n",
      "5.1e-17&4.9e-17&1.8e-33&-3.1e-33&-2.2e-33&-2e-32&7.2e-34&-1.9e-33&-5.1e-33&2.1e-33&1.4e-32&-1.2e-49&-7.2e-19&-4.3e-18&3e-19&-7.9e-18&-3.5e-17&1.6e-17&-1.3e-17&-3.4e-17&-5.8e-17\\\\\n",
      "-2.9e-65&-4.6e-65&1e-48&-7.8e-49&5.6e-49&4.1e-50&8.6e-50&3e-49&5.8e-50&-5.9e-50&-1.2e-49&4.7e-64&1e-64&-1.1e-64&-7.4e-65&-1.1e-65&-1.2e-64&-7.7e-65&-2.6e-65&-4.4e-66&8.6e-65\\\\\n",
      "-0.01&-0.0028&8.3e-17&-1.8e-16&1.6e-19&1.1e-17&7.2e-20&7.8e-18&-4.9e-17&9.9e-19&-7.2e-19&1e-64&1.0&0.84&0.55&0.083&-0.038&-0.055&0.077&0.0018&-0.068\\\\\n",
      "-0.027&0.007&1.2e-16&-1.5e-16&7.7e-18&-6.2e-18&1.2e-17&-6.4e-18&-1.6e-17&1.9e-18&-4.3e-18&-1.1e-64&0.84&1.0&0.68&0.18&-0.083&-0.044&0.067&0.12&-0.1\\\\\n",
      "0.085&-0.018&7.1e-18&-1.3e-16&7.4e-17&-1.2e-17&-1.2e-17&3.3e-18&7.3e-17&2.9e-19&3e-19&-7.4e-65&0.55&0.68&1.0&-0.1&0.028&-0.011&-0.072&-0.012&-0.016\\\\\n",
      "-0.19&0.1&8.9e-17&-5.1e-17&-5.6e-17&-3.9e-17&-1.2e-17&-6.6e-19&8e-17&1.7e-18&-7.9e-18&-1.1e-65&0.083&0.18&-0.1&1.0&-0.39&-0.074&0.35&0.47&-0.3\\\\\n",
      "-0.047&0.027&1.1e-16&2.4e-17&3.2e-17&-1e-17&-5.5e-18&-6.8e-18&2.8e-17&-5.1e-17&-3.5e-17&-1.2e-64&-0.038&-0.083&0.028&-0.39&1.0&0.17&-0.12&-0.19&0.089\\\\\n",
      "-0.0098&0.0073&5.8e-17&4.8e-17&-3.7e-17&-1.7e-16&1.3e-18&4.4e-17&7.8e-17&3e-17&1.6e-17&-7.7e-65&-0.055&-0.044&-0.011&-0.074&0.17&1.0&0.013&-0.0027&0.0046\\\\\n",
      "-0.14&0.04&8.8e-18&-2.8e-17&-8.3e-17&4e-17&2.2e-17&8.6e-17&2.3e-17&-4.2e-17&-1.3e-17&-2.6e-65&0.077&0.067&-0.072&0.35&-0.12&0.013&1.0&0.13&-0.17\\\\\n",
      "-0.071&-0.00088&-6.6e-18&1.9e-17&4.4e-18&-5.5e-17&-5.6e-18&-2e-17&-1.1e-17&-2.1e-17&-3.4e-17&-4.4e-66&0.0018&0.12&-0.012&0.47&-0.19&-0.0027&0.13&1.0&-0.17\\\\\n",
      "0.2&-0.079&-8.2e-17&7.2e-17&6e-18&-7.6e-18&6.5e-18&3.6e-17&2.7e-17&1.6e-18&-5.8e-17&8.6e-65&-0.068&-0.1&-0.016&-0.3&0.089&0.0046&-0.17&-0.17&1.0\\\\\n",
      "\\end{bmatrix}\n"
     ]
    }
   ],
   "source": [
    "print(\"\\\\begin{bmatrix}\", end=\"\")\n",
    "for linha in pca.get_covariance():\n",
    "    el_txt = f\"{linha[0]:.2}\"\n",
    "    print(el_txt, end=\"\")\n",
    "    for el in linha[1:]:\n",
    "        el_txt = f\"{el:.2}\"\n",
    "        print(\"&\" + el_txt,end=\"\")\n",
    "    print(\"\\\\\\\\\")\n",
    "print(\"\\\\end{bmatrix}\")"
   ]
  },
  {
   "cell_type": "markdown",
   "metadata": {},
   "source": [
    "Abaixo a matriz completa"
   ]
  },
  {
   "cell_type": "markdown",
   "metadata": {},
   "source": [
    "\\begin{bmatrix}1.0&-0.075&-2.2e-17&1e-17&5.6e-17&-1.4e-16&3.7e-18&2.5e-17&2.5e-17&-3.5e-17&5.1e-17&-2.9e-65&-0.01&-0.027&0.085&-0.19&-0.047&-0.0098&-0.14&-0.071&0.2\\\\\n",
    "-0.075&1.0&5e-17&2.3e-17&-8.4e-17&-2.3e-16&2.3e-18&-2.7e-17&-7.2e-17&-9.1e-20&4.9e-17&-4.6e-65&-0.0028&0.007&-0.018&0.1&0.027&0.0073&0.04&-0.00088&-0.079\\\\\n",
    "-2.2e-17&5e-17&6.7e-32&-1.8e-32&-6.1e-33&-2.3e-32&1.4e-33&-4.6e-33&6.7e-33&-3.5e-33&1.8e-33&1e-48&8.3e-17&1.2e-16&7.1e-18&8.9e-17&1.1e-16&5.8e-17&8.8e-18&-6.6e-18&-8.2e-17\\\\\n",
    "1e-17&2.3e-17&-1.8e-32&5.8e-32&-1.1e-32&-1.1e-32&-1.7e-33&-2.1e-33&-1.5e-33&-2.7e-33&-3.1e-33&-7.8e-49&-1.8e-16&-1.5e-16&-1.3e-16&-5.1e-17&2.4e-17&4.8e-17&-2.8e-17&1.9e-17&7.2e-17\\\\\n",
    "5.6e-17&-8.4e-17&-6.1e-33&-1.1e-32&3e-32&1.4e-32&-2.5e-33&-5.9e-33&1.1e-32&-1.6e-33&-2.2e-33&5.6e-49&1.6e-19&7.7e-18&7.4e-17&-5.6e-17&3.2e-17&-3.7e-17&-8.3e-17&4.4e-18&6e-18\\\\\n",
    "-1.4e-16&-2.3e-16&-2.3e-32&-1.1e-32&1.4e-32&1.1e-31&-1e-33&-2.8e-34&-4.8e-33&-1.4e-33&-2e-32&4.1e-50&1.1e-17&-6.2e-18&-1.2e-17&-3.9e-17&-1e-17&-1.7e-16&4e-17&-5.5e-17&-7.6e-18\\\\\n",
    "3.7e-18&2.3e-18&1.4e-33&-1.7e-33&-2.5e-33&-1e-33&5.2e-33&2.3e-33&-5.2e-33&4.3e-34&7.2e-34&8.6e-50&7.2e-20&1.2e-17&-1.2e-17&-1.2e-17&-5.5e-18&1.3e-18&2.2e-17&-5.6e-18&6.5e-18\\\\\n",
    "2.5e-17&-2.7e-17&-4.6e-33&-2.1e-33&-5.9e-33&-2.8e-34&2.3e-33&1.8e-32&1e-32&-2.4e-33&-1.9e-33&3e-49&7.8e-18&-6.4e-18&3.3e-18&-6.6e-19&-6.8e-18&4.4e-17&8.6e-17&-2e-17&3.6e-17\\\\\n",
    "2.5e-17&-7.2e-17&6.7e-33&-1.5e-33&1.1e-32&-4.8e-33&-5.2e-33&1e-32&5.8e-32&-2.8e-34&-5.1e-33&5.8e-50&-4.9e-17&-1.6e-17&7.3e-17&8e-17&2.8e-17&7.8e-17&2.3e-17&-1.1e-17&2.7e-17\\\\\n",
    "-3.5e-17&-9.1e-20&-3.5e-33&-2.7e-33&-1.6e-33&-1.4e-33&4.3e-34&-2.4e-33&-2.8e-34&1.1e-32&2.1e-33&-5.9e-50&9.9e-19&1.9e-18&2.9e-19&1.7e-18&-5.1e-17&3e-17&-4.2e-17&-2.1e-17&1.6e-18\\\\\n",
    "5.1e-17&4.9e-17&1.8e-33&-3.1e-33&-2.2e-33&-2e-32&7.2e-34&-1.9e-33&-5.1e-33&2.1e-33&1.4e-32&-1.2e-49&-7.2e-19&-4.3e-18&3e-19&-7.9e-18&-3.5e-17&1.6e-17&-1.3e-17&-3.4e-17&-5.8e-17\\\\\n",
    "-2.9e-65&-4.6e-65&1e-48&-7.8e-49&5.6e-49&4.1e-50&8.6e-50&3e-49&5.8e-50&-5.9e-50&-1.2e-49&4.7e-64&1e-64&-1.1e-64&-7.4e-65&-1.1e-65&-1.2e-64&-7.7e-65&-2.6e-65&-4.4e-66&8.6e-65\\\\\n",
    "-0.01&-0.0028&8.3e-17&-1.8e-16&1.6e-19&1.1e-17&7.2e-20&7.8e-18&-4.9e-17&9.9e-19&-7.2e-19&1e-64&1.0&0.84&0.55&0.083&-0.038&-0.055&0.077&0.0018&-0.068\\\\\n",
    "-0.027&0.007&1.2e-16&-1.5e-16&7.7e-18&-6.2e-18&1.2e-17&-6.4e-18&-1.6e-17&1.9e-18&-4.3e-18&-1.1e-64&0.84&1.0&0.68&0.18&-0.083&-0.044&0.067&0.12&-0.1\\\\\n",
    "0.085&-0.018&7.1e-18&-1.3e-16&7.4e-17&-1.2e-17&-1.2e-17&3.3e-18&7.3e-17&2.9e-19&3e-19&-7.4e-65&0.55&0.68&1.0&-0.1&0.028&-0.011&-0.072&-0.012&-0.016\\\\\n",
    "-0.19&0.1&8.9e-17&-5.1e-17&-5.6e-17&-3.9e-17&-1.2e-17&-6.6e-19&8e-17&1.7e-18&-7.9e-18&-1.1e-65&0.083&0.18&-0.1&1.0&-0.39&-0.074&0.35&0.47&-0.3\\\\\n",
    "-0.047&0.027&1.1e-16&2.4e-17&3.2e-17&-1e-17&-5.5e-18&-6.8e-18&2.8e-17&-5.1e-17&-3.5e-17&-1.2e-64&-0.038&-0.083&0.028&-0.39&1.0&0.17&-0.12&-0.19&0.089\\\\\n",
    "-0.0098&0.0073&5.8e-17&4.8e-17&-3.7e-17&-1.7e-16&1.3e-18&4.4e-17&7.8e-17&3e-17&1.6e-17&-7.7e-65&-0.055&-0.044&-0.011&-0.074&0.17&1.0&0.013&-0.0027&0.0046\\\\\n",
    "-0.14&0.04&8.8e-18&-2.8e-17&-8.3e-17&4e-17&2.2e-17&8.6e-17&2.3e-17&-4.2e-17&-1.3e-17&-2.6e-65&0.077&0.067&-0.072&0.35&-0.12&0.013&1.0&0.13&-0.17\\\\\n",
    "-0.071&-0.00088&-6.6e-18&1.9e-17&4.4e-18&-5.5e-17&-5.6e-18&-2e-17&-1.1e-17&-2.1e-17&-3.4e-17&-4.4e-66&0.0018&0.12&-0.012&0.47&-0.19&-0.0027&0.13&1.0&-0.17\\\\\n",
    "0.2&-0.079&-8.2e-17&7.2e-17&6e-18&-7.6e-18&6.5e-18&3.6e-17&2.7e-17&1.6e-18&-5.8e-17&8.6e-65&-0.068&-0.1&-0.016&-0.3&0.089&0.0046&-0.17&-0.17&1.0\\\\\n",
    "\\end{bmatrix}"
   ]
  },
  {
   "cell_type": "markdown",
   "metadata": {},
   "source": [
    "Autovalores"
   ]
  },
  {
   "cell_type": "code",
   "execution_count": 34,
   "metadata": {},
   "outputs": [
    {
     "data": {
      "text/plain": [
       "array([2.47323518, 2.04864162])"
      ]
     },
     "execution_count": 34,
     "metadata": {},
     "output_type": "execute_result"
    }
   ],
   "source": [
    "pca.explained_variance_[:2]"
   ]
  },
  {
   "cell_type": "markdown",
   "metadata": {},
   "source": [
    "Autovetores"
   ]
  },
  {
   "cell_type": "code",
   "execution_count": 35,
   "metadata": {},
   "outputs": [
    {
     "name": "stdout",
     "output_type": "stream",
     "text": [
      "(0.068, -0.029, -5.6e-17, 1.1e-16, 0.0, 0.0, 0.0, 0.0, 0.0, -3.4e-21, 2.1e-22, 0.0, -0.53, -0.58, -0.43, -0.26, 0.16, 0.071, -0.15, -0.19, 0.18)\n",
      "\n",
      "(-0.24, 0.099, 0.0, 2.8e-17, -5.6e-17, 0.0, 0.0, -4.3e-19, 0.0, -6.8e-21, 8.5e-22, 0.0, -0.24, -0.19, -0.35, 0.52, -0.31, -0.057, 0.33, 0.38, -0.3)\n",
      "\n"
     ]
    }
   ],
   "source": [
    "for arr in pca.components_[:2]:\n",
    "    el_txt = f\"({arr[0]:.2}\"\n",
    "    print(el_txt, end=\"\")\n",
    "    for el in arr[1:]:\n",
    "        el_txt = f\"{el:.2}\"\n",
    "        print(\", \" + el_txt,end=\"\")\n",
    "    print(\")\\n\")"
   ]
  },
  {
   "cell_type": "markdown",
   "metadata": {},
   "source": [
    "### Influência nas colunas do PCA"
   ]
  },
  {
   "cell_type": "code",
   "execution_count": 36,
   "metadata": {},
   "outputs": [],
   "source": [
    "df_comp = pd.DataFrame(pca.components_, pca.get_feature_names_out(), df_cat.columns)"
   ]
  },
  {
   "cell_type": "markdown",
   "metadata": {},
   "source": [
    "Maior influência em pca0"
   ]
  },
  {
   "cell_type": "code",
   "execution_count": 37,
   "metadata": {},
   "outputs": [
    {
     "data": {
      "text/html": [
       "<div>\n",
       "<style scoped>\n",
       "    .dataframe tbody tr th:only-of-type {\n",
       "        vertical-align: middle;\n",
       "    }\n",
       "\n",
       "    .dataframe tbody tr th {\n",
       "        vertical-align: top;\n",
       "    }\n",
       "\n",
       "    .dataframe thead th {\n",
       "        text-align: right;\n",
       "    }\n",
       "</style>\n",
       "<table border=\"1\" class=\"dataframe\">\n",
       "  <thead>\n",
       "    <tr style=\"text-align: right;\">\n",
       "      <th></th>\n",
       "      <th>STSH2</th>\n",
       "      <th>STNaturezaCarga</th>\n",
       "      <th>STSH4</th>\n",
       "      <th>Natureza da Carga</th>\n",
       "      <th>Ano</th>\n",
       "      <th>CDNCMSH2</th>\n",
       "      <th>TEU</th>\n",
       "      <th>VLPesoCargaBruta</th>\n",
       "      <th>QTCarga</th>\n",
       "      <th>Origem</th>\n",
       "      <th>...</th>\n",
       "      <th>FlagAutorizacao</th>\n",
       "      <th>Tipo Navegação</th>\n",
       "      <th>FlagTransporteViaInterioir</th>\n",
       "      <th>Percurso Transporte em vias Interiores</th>\n",
       "      <th>Percurso Transporte Interiores</th>\n",
       "      <th>FlagOffshore</th>\n",
       "      <th>FlagMCOperacaoCarga</th>\n",
       "      <th>FlagLongoCurso</th>\n",
       "      <th>FlagCabotagemMovimentacao</th>\n",
       "      <th>FlagCabotagem</th>\n",
       "    </tr>\n",
       "  </thead>\n",
       "  <tbody>\n",
       "    <tr>\n",
       "      <th>pca0</th>\n",
       "      <td>-0.579066</td>\n",
       "      <td>-0.529075</td>\n",
       "      <td>-0.431628</td>\n",
       "      <td>-0.263513</td>\n",
       "      <td>-0.189214</td>\n",
       "      <td>0.182867</td>\n",
       "      <td>0.161138</td>\n",
       "      <td>-0.153017</td>\n",
       "      <td>0.070529</td>\n",
       "      <td>0.06788</td>\n",
       "      <td>...</td>\n",
       "      <td>1.110223e-16</td>\n",
       "      <td>-5.551115e-17</td>\n",
       "      <td>-3.388132e-21</td>\n",
       "      <td>2.117582e-22</td>\n",
       "      <td>0.0</td>\n",
       "      <td>0.0</td>\n",
       "      <td>0.0</td>\n",
       "      <td>0.0</td>\n",
       "      <td>0.0</td>\n",
       "      <td>0.0</td>\n",
       "    </tr>\n",
       "  </tbody>\n",
       "</table>\n",
       "<p>1 rows × 21 columns</p>\n",
       "</div>"
      ],
      "text/plain": [
       "         STSH2  STNaturezaCarga     STSH4  Natureza da Carga       Ano  \\\n",
       "pca0 -0.579066        -0.529075 -0.431628          -0.263513 -0.189214   \n",
       "\n",
       "      CDNCMSH2       TEU  VLPesoCargaBruta   QTCarga   Origem  ...  \\\n",
       "pca0  0.182867  0.161138         -0.153017  0.070529  0.06788  ...   \n",
       "\n",
       "      FlagAutorizacao  Tipo Navegação  FlagTransporteViaInterioir  \\\n",
       "pca0     1.110223e-16   -5.551115e-17               -3.388132e-21   \n",
       "\n",
       "      Percurso Transporte em vias Interiores  Percurso Transporte Interiores  \\\n",
       "pca0                            2.117582e-22                             0.0   \n",
       "\n",
       "      FlagOffshore  FlagMCOperacaoCarga  FlagLongoCurso  \\\n",
       "pca0           0.0                  0.0             0.0   \n",
       "\n",
       "      FlagCabotagemMovimentacao  FlagCabotagem  \n",
       "pca0                        0.0            0.0  \n",
       "\n",
       "[1 rows x 21 columns]"
      ]
     },
     "execution_count": 37,
     "metadata": {},
     "output_type": "execute_result"
    }
   ],
   "source": [
    "df_comp.loc[:\"pca0\",df_comp.loc[\"pca0\"].abs().sort_values(ascending=False).index]"
   ]
  },
  {
   "cell_type": "markdown",
   "metadata": {},
   "source": [
    "Maior influência em pca1"
   ]
  },
  {
   "cell_type": "code",
   "execution_count": 38,
   "metadata": {},
   "outputs": [
    {
     "data": {
      "text/html": [
       "<div>\n",
       "<style scoped>\n",
       "    .dataframe tbody tr th:only-of-type {\n",
       "        vertical-align: middle;\n",
       "    }\n",
       "\n",
       "    .dataframe tbody tr th {\n",
       "        vertical-align: top;\n",
       "    }\n",
       "\n",
       "    .dataframe thead th {\n",
       "        text-align: right;\n",
       "    }\n",
       "</style>\n",
       "<table border=\"1\" class=\"dataframe\">\n",
       "  <thead>\n",
       "    <tr style=\"text-align: right;\">\n",
       "      <th></th>\n",
       "      <th>Natureza da Carga</th>\n",
       "      <th>Ano</th>\n",
       "      <th>STSH4</th>\n",
       "      <th>VLPesoCargaBruta</th>\n",
       "      <th>TEU</th>\n",
       "      <th>CDNCMSH2</th>\n",
       "      <th>STNaturezaCarga</th>\n",
       "      <th>Origem</th>\n",
       "      <th>STSH2</th>\n",
       "      <th>Tipo Operação da Carga</th>\n",
       "      <th>...</th>\n",
       "      <th>FlagCabotagem</th>\n",
       "      <th>FlagAutorizacao</th>\n",
       "      <th>FlagMCOperacaoCarga</th>\n",
       "      <th>FlagTransporteViaInterioir</th>\n",
       "      <th>Percurso Transporte em vias Interiores</th>\n",
       "      <th>FlagOffshore</th>\n",
       "      <th>Percurso Transporte Interiores</th>\n",
       "      <th>FlagLongoCurso</th>\n",
       "      <th>FlagCabotagemMovimentacao</th>\n",
       "      <th>Tipo Navegação</th>\n",
       "    </tr>\n",
       "  </thead>\n",
       "  <tbody>\n",
       "    <tr>\n",
       "      <th>pca1</th>\n",
       "      <td>0.521641</td>\n",
       "      <td>0.380599</td>\n",
       "      <td>-0.349839</td>\n",
       "      <td>0.333286</td>\n",
       "      <td>-0.30848</td>\n",
       "      <td>-0.303214</td>\n",
       "      <td>-0.236306</td>\n",
       "      <td>-0.23624</td>\n",
       "      <td>-0.194266</td>\n",
       "      <td>0.099133</td>\n",
       "      <td>...</td>\n",
       "      <td>-5.551115e-17</td>\n",
       "      <td>2.775558e-17</td>\n",
       "      <td>-4.336809e-19</td>\n",
       "      <td>-6.776264e-21</td>\n",
       "      <td>8.470329e-22</td>\n",
       "      <td>0.0</td>\n",
       "      <td>0.0</td>\n",
       "      <td>0.0</td>\n",
       "      <td>0.0</td>\n",
       "      <td>0.0</td>\n",
       "    </tr>\n",
       "  </tbody>\n",
       "</table>\n",
       "<p>1 rows × 21 columns</p>\n",
       "</div>"
      ],
      "text/plain": [
       "      Natureza da Carga       Ano     STSH4  VLPesoCargaBruta      TEU  \\\n",
       "pca1           0.521641  0.380599 -0.349839          0.333286 -0.30848   \n",
       "\n",
       "      CDNCMSH2  STNaturezaCarga   Origem     STSH2  Tipo Operação da Carga  \\\n",
       "pca1 -0.303214        -0.236306 -0.23624 -0.194266                0.099133   \n",
       "\n",
       "      ...  FlagCabotagem  FlagAutorizacao  FlagMCOperacaoCarga  \\\n",
       "pca1  ...  -5.551115e-17     2.775558e-17        -4.336809e-19   \n",
       "\n",
       "      FlagTransporteViaInterioir  Percurso Transporte em vias Interiores  \\\n",
       "pca1               -6.776264e-21                            8.470329e-22   \n",
       "\n",
       "      FlagOffshore  Percurso Transporte Interiores  FlagLongoCurso  \\\n",
       "pca1           0.0                             0.0             0.0   \n",
       "\n",
       "      FlagCabotagemMovimentacao  Tipo Navegação  \n",
       "pca1                        0.0             0.0  \n",
       "\n",
       "[1 rows x 21 columns]"
      ]
     },
     "execution_count": 38,
     "metadata": {},
     "output_type": "execute_result"
    }
   ],
   "source": [
    "df_comp.loc[\"pca1\":\"pca1\",df_comp.loc[\"pca1\"].abs().sort_values(ascending=False).index]"
   ]
  },
  {
   "cell_type": "code",
   "execution_count": 39,
   "metadata": {},
   "outputs": [
    {
     "data": {
      "text/plain": [
       "0        Exclusivo\n",
       "1        Exclusivo\n",
       "2        Exclusivo\n",
       "3        Exclusivo\n",
       "4        Exclusivo\n",
       "           ...    \n",
       "10781    Exclusivo\n",
       "10782    Exclusivo\n",
       "10783    Exclusivo\n",
       "10784    Exclusivo\n",
       "10785    Exclusivo\n",
       "Name: STSH2, Length: 10786, dtype: category\n",
       "Categories (2, object): ['Compartilhado', 'Exclusivo']"
      ]
     },
     "execution_count": 39,
     "metadata": {},
     "output_type": "execute_result"
    }
   ],
   "source": [
    "df_mestre[\"STSH2\"]"
   ]
  },
  {
   "cell_type": "markdown",
   "metadata": {},
   "source": [
    "# Plotagem"
   ]
  },
  {
   "cell_type": "markdown",
   "metadata": {},
   "source": [
    "## Colorido por Natureza da Carga"
   ]
  },
  {
   "cell_type": "code",
   "execution_count": 40,
   "metadata": {},
   "outputs": [],
   "source": [
    "x_col = \"Natureza da Carga\""
   ]
  },
  {
   "cell_type": "code",
   "execution_count": 41,
   "metadata": {},
   "outputs": [
    {
     "data": {
      "text/plain": [
       "['Granel Sólido',\n",
       " 'Carga Conteinerizada',\n",
       " 'Carga Geral',\n",
       " 'Granel Líquido e Gasoso']"
      ]
     },
     "execution_count": 41,
     "metadata": {},
     "output_type": "execute_result"
    }
   ],
   "source": [
    "df_mestre[x_col].unique().tolist()"
   ]
  },
  {
   "cell_type": "code",
   "execution_count": 42,
   "metadata": {},
   "outputs": [],
   "source": [
    "natu_estilos = {\n",
    "    \"Granel Sólido\": ('#1f77b4', 'o'),\n",
    "    \"Carga Conteinerizada\": ('#ff7f0e', 's'),\n",
    "    \"Carga Geral\": ('#2ca02c', 'v'),\n",
    "    \"Granel Líquido e Gasoso\": ('#d62728', '^')\n",
    "}"
   ]
  },
  {
   "cell_type": "code",
   "execution_count": 43,
   "metadata": {},
   "outputs": [
    {
     "data": {
